#description: OpenCV trace file
#version: 1.0
b,0,16447307,1,1
e,0,20834937,1,1,4387630
b,0,20845326,1,2
e,0,61070099,1,2,40224773
b,0,61092628,2,3
e,0,63779279,2,3,2686651,skip=10,tIPP=247887
b,0,63819005,2,4
e,0,67826944,2,4,4007939,skip=58,tIPP=2362101
b,0,67880636,5,5
e,0,67994407,5,5,113771
b,0,68003278,6,6
e,0,96229233,6,6,28225955,skip=255,tIPP=17187804
b,0,96248359,10,7
e,0,96250544,10,7,2185
b,0,96256511,5,8
e,0,96257180,5,8,669
b,0,96258392,6,9
e,0,139625588,6,9,43367196,skip=561,tIPP=2760341
b,0,139648220,10,10
e,0,139651143,10,10,2923
b,0,139658954,5,11
e,0,139659796,5,11,842
b,0,139662747,13,12
e,0,142778320,13,12,3115573,skip=150
b,0,142790540,10,13
e,0,142792471,10,13,1931
b,0,142916761,15,14
e,0,174461895,15,14,31545134,skip=36158,tIPP=2477545
b,0,174504144,21,15
e,0,177641937,21,15,3137793
b,0,177658861,2,16
e,0,177965483,2,16,306622,skip=5
b,0,177977234,2,17
e,0,178634107,2,17,656873,skip=29
b,0,178663778,23,18
e,0,178756282,23,18,92504,skip=14
b,0,178761868,23,19
e,0,178773961,23,19,12093,skip=14
b,0,178780084,27,20
e,0,178852924,27,20,72840,skip=2
b,0,178860427,23,21
e,0,178872597,23,21,12170,skip=14
b,0,178876264,23,22
e,0,178886617,23,22,10353,skip=14
b,0,178889761,27,23
e,0,178960038,27,23,70277,skip=2
b,0,178966429,23,24
e,0,178976879,23,24,10450,skip=14
b,0,178980767,23,25
e,0,178990949,23,25,10182,skip=14
b,0,178994121,27,26
e,0,179039183,27,26,45062,skip=2
b,0,179044621,23,27
e,0,179055298,23,27,10677,skip=14
b,0,179058422,23,28
e,0,179067841,23,28,9419,skip=14
b,0,179071044,27,29
e,0,179138311,27,29,67267,skip=2
b,0,179144645,23,30
e,0,179155578,23,30,10933,skip=14
b,0,179158728,23,31
e,0,179167485,23,31,8757,skip=14
b,0,179170898,27,32
e,0,179248066,27,32,77168,skip=2
b,0,179254118,23,33
e,0,179263898,23,33,9780,skip=14
b,0,179267339,23,34
e,0,179276243,23,34,8904,skip=14
b,0,179279359,27,35
e,0,179338703,27,35,59344,skip=2
b,0,179355272,28,36
e,0,284688203,28,36,105332931
b,0,284698964,29,37
e,0,1987337332,29,37,1702638368,skip=1
